1101011 5
00010001 4
00111111 5
01000011 5
01000100 9
11011101 6
11011110 5
001101110 5
001111000 4
010000011 5
010100100 13
100001000 5
110100001 28
110101111 drop
110110111 6
110111000 14
110111101 6
0001010000 2
0011110001 6
0011110010 14
0011110110 9
0101000010 4
0101000101 5
0101001101 13
0101010010 4
0101011010 17
1000101010 5
1001000110 17
1010110010 16
1100000101 17
1100001011 5
1100110101 5
1101000011 5
1101001111 5
1101101000 4
1101101010 5
1101101100 14
1101110001 5
1101110100 14
1101110110 drop
00001111111 4
00011000010 9
00110111011 drop
00111011000 5
00111100101 9
00111111101 6
00111111110 9
01000001010 9
01000001101 6
01000011001 drop
01000011101 drop
01000100001 drop
01000100101 drop
01000101011 5
01000110110 5
01010000001 37
01010000101 13
01010000110 17
01010001100 17
01010001111 19
01010010000 5
01010010011 drop
01010010101 17
01010010111 5
01010011000 20
01010101001 13
10000011001 5
10000011010 5
10000111111 6
10001101001 13
10001111000 2
10011000000 5
11000010111 17
11000111100 5
11001011001 10
11001100101 5
11010000000 6
11010011010 25
11010011101 4
11011001001 17
11011001111 4
11011010010 9
11011011111 25
11011100101 9
11011110010 9
11011110111 drop
000100000000 4
000100000100 4
001000001110 5
001011111000 4
001110110010 9
001110110100 25
001110110111 13
001110111011 27
001111000001 6
001111000010 14
001111001101 6
001111010010 5
001111011000 drop
001111011101 14
001111011110 4
001111111000 drop
001111111111 drop
010000001010 9
010000010000 9
010000010111 5
010000011011 drop
010000110111 9
010001000000 4
010001000110 4
010001001000 5
010001001100 5
010001001110 4
010001011001 9
010001011010 5
010001011101 9
010001011110 9
010001101001 9
010001101011 4
010100000000 5
010100010010 37
010100010100 13
010100010111 9
010100011111 6
010100100010 17
010100110010 37
010100110101 41
010100111011 30
010101000000 5
010101000100 5
010101000111 14
010101001101 2
010101010011 20
010101011001 20
100001000100 2
100001001000 5
100001001101 5
100001110111 6
100010010000 5
100011000111 13
100100001000 10
100101110011 13
100101110100 13
100110000010 44
100110001011 5
100110100011 5
100110110111 2
100111010010 4
100111100000 5
101000110001 13
101001100010 4
101010000001 4
101011001100 16
110000010111 5
110000101010 13
110001100111 5
110010001111 6
110010101100 25
110010110100 3
110011001111 5
110011100100 4
110011101001 28
110100001011 21
110100100010 25
110101010000 37
110101010111 17
110110010101 4
110110011011 30
110110011101 42
110110100010 drop
110110100111 14
110110101000 6
110110101010 4
110110101100 25
110110111001 drop
110111000000 6
110111000110 14
110111001000 6
110111010000 6
110111010110 14
110111011001 5
110111011010 5
110111011111 5
110111100001 25
110111101001 14
110111101101 9
0000111111100 6
0001100000110 5
0001100001011 drop
0001100010111 9
0001100011111 4
0010000001100 4
0010111110100 17
0011101000100 9
0011110000111 18
0011110001001 drop
0011110010010 drop
0011110011011 4
0011110011100 10
0011110100110 6
0011110101001 5
0011110101010 5
0011110111011 4
0011111010001 5
0011111010011 4
0011111110011 16
0011111111010 5
0100000010011 5
0100000011100 4
0100001001111 9
0100001010001 9
0100001100001 drop
0100001100100 9
0100001101000 9
0100001101011 drop
0100001101101 21
0100001110001 3
0100010000011 6
0100010001000 5
0100010001010 4
0100010001110 drop
0100010011001 drop
0100010011101 5
0100010011110 6
0100010101101 9
0100010101111 drop
0100011000000 6
0100011000100 5
0100011001000 9
0100011011000 drop
0100011011110 9
0100011101101 37
0101000000001 20
0101000000010 13
0101000000101 23
0101000000110 20
0101000010100 17
0101000011001 5
0101000011011 14
0101000100111 13
0101000101011 drop
0101000111111 20
0101001000001 13
0101001001010 drop
0101001001101 13
0101001001111 20
0101001010111 13
0101001011011 5
0101001101011 17
0101001101100 drop
0101001101110 20
0101001110011 23
0101001111000 20
0101001111101 19
0101001111111 19
0101010000011 13
0101010000111 5
0101010001010 6
0101010001100 12
0101010001111 23
0101010011000 5
0101010011011 13
0101010011100 19
0101010101001 5
0101010101010 5
0101010110001 12
0101010110011 6
0101010110110 13
0101010111100 39
0101010111110 1
1000001101011 drop
1000011100000 6
1000011101111 4
1000100110110 2
1000101010000 drop
1000101010111 drop
1000101101101 19
1000101101110 19
1000110010000 13
1000111000011 9
1000111100100 2
1001010111100 17
1001100011000 5
1001100011010 5
1010000010001 5
1010000010010 5
1010010010010 35
1010011010000 4
1010011111000 4
1010101101000 32
1100000100001 30
1100000100110 13
1100000101000 13
1100000101011 drop
1100000101101 drop
1100000110000 17
1100000110011 37
1100000110101 17
1100000111010 19
1100001000010 19
1100001010000 17
1100001010101 17
1100001011000 4
1100001011010 13
1100001011111 19
1100001111000 17
1100010000100 4
1100011001000 14
1100011001101 14
1100011010101 14
1100011101001 5
1100011110101 5
1100011111101 14
1100100010000 2
1100100011010 6
1100100110000 4
1100101001110 25
1100110000000 14
1100110010111 drop
1100110100111 5
1100110101110 drop
1100110110110 5
1100110111100 5
1100110111110 6
1100111000000 5
1100111000011 28
1100111000100 5
1100111001011 6
1100111001101 6
1100111001110 5
1100111011101 5
1100111100111 5
1100111101001 8
1100111101101 5
1100111101111 5
1101000000111 9
1101000010111 15
1101000100100 4
1101001000011 25
1101001010100 14
1101001010110 5
1101001011001 5
1101001100110 5
1101001101001 4
1101001101011 4
1101001101101 5
1101001110001 4
1101001110101 1
1101001111001 4
1101001111010 4
1101001111101 drop
1101001111110 drop
1101010011100 5
1101010100001 6
1101010100111 20
1101010101000 19
1101010101100 37
1101100000000 21
1101100100000 4
1101100100110 16
1101100110100 5
1101100110111 16
1101100111011 5
1101101000000 9
1101101000010 6
1101101000101 14
1101101000111 6
1101101010110 14
1101101011001 4
1101101011101 4
1101101101000 27
1101101101010 5
1101101110001 9
1101101110011 4
1101101110100 14
1101101111011 25
1101101111101 drop
1101101111111 4
1101110001000 1
1101110010001 4
1101110010010 14
1101110100001 drop
1101110101011 14
1101110101110 5
1101110110001 4
1101110110111 14
1101110111101 9
1101111001000 6
1101111010001 4
1101111010101 9
1101111010110 9
1101111011001 25
1101111011101 4
1101111011110 6
00001101000011 4
00010100100010 2
00011000001011 5
00011000001111 4
00011000010010 drop
00011000011101 4
00011000110010 12
00011000110110 4
00101011111010 5
00101111000010 4
00101111000100 4
00101111010100 6
00101111011001 6
00101111100010 drop
00101111101110 4
00110111000011 4
00110111001011 4
00110111010110 1
00110111011000 5
00110111101111 5
00110111110000 5
00111010000011 14
00111011001010 drop
00111011001110 9
00111011010000 6
00111011010011 drop
00111011010111 14
00111011011111 drop
00111011100001 5
00111011100010 9
00111011100111 18
00111011101000 27
00111011101010 18
00111011101111 4
00111100011001 14
00111100100000 drop
00111101000101 18
00111101000110 18
00111101001011 drop
00111101001101 4
00111101010001 10
00111101011111 14
00111101100011 9
00111101100101 6
00111101110111 13
00111110000000 5
00111110001001 20
00111110001101 16
00111110101000 20
00111110101111 17
00111110111000 4
00111110111011 17
00111110111111 5
00111111111010 16
00111111111100 4
01000000000000 21
01000000011000 4
01000000100001 5
01000000110101 2
01000000110110 9
01000000111001 9
01000000111100 28
01000001000101 4
01000001000111 16
01000001001010 6
01000001001101 26
01000001001110 5
01000001010101 5
01000001010110 33
01000001011001 5
01000001011010 21
01000001101100 6
01000010000011 30
01000010010010 9
01000010011010 21
01000010110000 5
01000010111011 21
01000011001010 5
01000011010011 drop
01000011010111 21
01000011011000 33
01000011100011 4
01000011100101 drop
01000011100110 21
01000100001001 4
01000100010101 drop
01000100101001 9
01000100101010 5
01000100111011 drop
01000101001000 5
01000101100011 4
01000101100100 drop
01000101110000 13
01000101110111 drop
01000101111110 4
01000110001100 9
01000110001110 5
01000110011000 3
01000110100111 drop
01000111000000 6
01000111001000 5
01010000001111 6
01010000011001 5
01010000011011 14
01010000011110 17
01010000101011 drop
01010000110011 9
01010000110111 19
01010000111001 5
01010001001100 20
01010001010001 20
01010001010011 5
01010001101001 5
01010001101100 13
01010001101111 2
01010001110001 5
01010001110011 6
01010001110101 28
01010001110111 13
01010001111101 5
01010010001101 drop
01010010010000 6
01010010010011 5
01010010010101 23
01010010011011 2
01010010100110 5
01010010101000 19
01010010101011 13
01010010101101 5
01010011010001 drop
01010011010010 30
01010011011011 17
01010011011111 39
01010011100001 1
01010011101000 5
01010011110100 23
01010100000000 19
01010100010011 drop
01010100011010 13
01010100110111 23
01010100111001 5
01010100111110 19
01010101001011 drop
01010101010101 20
01010101011111 13
01010101100011 5
01010101101001 17
10000010111011 30
10000010111100 30
10000100110011 5
10000100110111 drop
10000110011010 13
10000111110111 6
10001000110101 5
10001000110110 28
10001001000011 drop
10001001010101 5
10001001111100 5
10001010101000 drop
10001010101011 drop
10001100100110 5
10001101010100 13
10001110001000 9
10001111000000 drop
10001111101100 13
10010000011001 5
10010000011010 5
10010000100011 drop
10010001000000 17
10010011100101 17
10010011111001 23
10010101101000 5
10010111010100 13
10011000001100 5
10011001000110 5
10011011100110 5
10011011110110 5
10011101001110 26
10011110000100 5
10011110001001 30
10011110111011 5
10011110111100 5
10101000000011 5
10101001000001 6
10101010101101 4
10101011010001 4
10101100110100 16
11000000001111 33
11000001001111 5
11000001010001 2
11000001010101 6
11000001011111 39
11000001100100 23
11000001100111 5
11000001110011 13
11000001110101 1
11000010010010 17
11000010010100 5
11000010011000 17
11000010011110 17
11000010100001 20
11000010110010 17
11000010111000 drop
11000010111100 13
11000011001101 37
11000011010101 30
11000011011001 16
11000011011111 17
11000011101010 17
11000011110001 19
11000110000001 5
11000110010001 6
11000110010011 5
11000110010101 5
11000110010111 5
11000110011011 8
11000110011111 1
11000110100000 1
11000110101001 2
11000110110101 5
11000110110111 5
11000110111011 14
11000111000000 6
11000111010111 5
11000111011010 4
11000111110101 16
11001000010000 4
11001000101001 6
11001000101011 6
11001000101100 37
11001000110011 37
11001010101110 18
11001011001000 drop
11001011001110 drop
11001011010011 drop
11001011011111 5
11001100000001 5
11001100010000 4
11001100010100 11
11001100011101 6
11001100100001 5
11001100100101 5
11001100101011 drop
11001100101101 6
11001100110010 14
11001100110101 6
11001100110110 5
11001100111101 drop
11001100111110 6
11001101100000 5
11001101100010 28
11001101101000 6
11001101101010 5
11001101110110 28
11001110000010 4
11001110000100 4
11001110010000 5
11001110010101 33
11001110011001 28
11001110100001 6
11001110100010 5
11001110100100 4
11001110101010 6
11001110101110 14
11001110111001 6
11001110111100 5
11001111000000 28
11001111000011 6
11001111000100 5
11001111000110 5
11001111001010 6
11001111001100 28
11001111010011 5
11001111010100 5
11001111100000 4
11001111100011 4
11001111101011 32
11001111101110 6
11001111110101 1
11001111110110 5
11001111111000 5
11001111111011 16
11010000001000 6
11010000001011 5
11010000101101 drop
11010000101111 1
11010001000000 5
11010001000011 4
11010001000111 4
11010001010011 1
11010001011101 21
11010001101110 1
11010001111001 5
11010001111101 5
11010010000010 10
11010010100000 18
11010010100100 14
11010010111000 14
11010011000101 4
11010011000111 10
11010011010011 drop
11010011011000 4
11010011011011 2
11010011100000 14
11010011101011 drop
11010011101101 1
11010011101110 25
11010100100000 23
11010100100010 17
11010100101011 23
11010100110011 17
11010101001100 30
11010101001111 4
11010101010001 17
11010101010010 5
11010101011001 30
11010101011010 5
11010101011100 39
11010101011111 drop
11011000001000 28
11011000001111 1
11011000010011 34
11011000010110 28
11011000011001 1
11011000100011 33
11011001001101 5
11011001001110 23
11011001011000 20
11011001011011 20
11011001011110 13
11011001100001 5
11011001100010 5
11011001100110 30
11011001110011 2
11011010000001 drop
11011010000011 6
11011010010011 drop
11011010010100 6
11011010011011 20
11011010101111 drop
11011010111000 14
11011010111111 14
11011011001000 6
11011011010001 26
11011011010111 4
11011100000011 14
11011100001100 6
11011100001111 6
11011100011100 4
11011100100011 3
11011100110110 5
11011100111011 10
11011101000111 6
11011101001010 6
11011101010000 14
11011101011111 2
11011101101011 28
11011101110000 4
11011101110011 4
11011101110100 4
11011110011111 drop
11011110100110 16
11011110101000 26
11011110111101 9
000001100000101 1
000001100000111 1
000011010000100 3
000100000000011 5
000100000000100 5
000100000000111 5
000100001000100 5
000100010101001 8
000110000010010 11
000110000010101 13
000110000110110 9
000110001001101 6
000110001001110 13
000110001111000 5
001000000110100 4
001010000000100 4
001010000000110 4
001010001011111 4
001010001100010 4
001010111111010 16
001010111111110 16
001011110010111 4
001011110110100 6
001011110111001 4
001011111111100 4
001101110000000 drop
001101110000010 drop
001101110000100 9
001101110001011 21
001101110001111 4
001101110010001 1
001101110011000 4
001101110011010 4
001101110100110 4
001101110101001 22
001101110101010 4
001101110110001 4
001110010100011 10
001110010100100 20
001110100000000 14
001110100000010 14
001110100000111 6
001110100010100 9
001110110101010 25
001110110101100 4
001110110110100 26
001110110110110 9
001110111001000 21
001110111001010 4
001110111001111 14
001110111010010 4
001110111011011 5
001110111011101 5
001110111011111 18
001111000000110 6
001111000011111 drop
001111001001111 drop
001111001100001 9
001111001100010 5
001111001101100 6
001111001110100 6
001111001110110 14
001111010000000 4
001111010001111 5
001111010100011 26
001111010101011 18
001111010101110 4
001111010110001 2
001111010110100 14
001111010111000 14
001111010111011 14
001111011001011 drop
001111011001111 drop
001111011010001 6
001111011011010 drop
001111011100010 5
001111011111100 4
001111011111111 14
001111100000011 17
001111100000101 23
001111100000111 12
001111100001011 17
001111100001101 23
001111100001111 17
001111100010001 13
001111100010011 9
001111100010101 19
001111100010111 17
001111100011101 13
001111100100011 17
001111100101001 8
001111100101101 4
001111100111001 5
001111100111011 5
001111100111101 6
001111101000101 16
001111101000110 drop
001111101001001 13
001111101010001 19
001111101010011 13
001111101010101 30
001111101011001 14
001111101100001 14
001111101100011 23
001111101100101 13
001111101100111 5
001111101101011 30
001111101101111 13
001111101110010 13
001111101110101 20
001111101111001 17
001111101111011 23
010000000000101 5
010000000011011 9
010000000110100 4
010000000110110 9
010000000111001 5
010000000111010 5
010000000111110 15
010000001001000 5
010000001011000 9
010000001100000 9
010000001100110 5
010000001101110 21
010000001111010 21
010000001111100 5
010000010010101 9
010000010100101 drop
010000010100111 drop
010000010110110 9
010000011011110 16
010000011111111 drop
010000100000001 21
010000100000010 4
010000100000111 5
010000100001010 9
010000100010111 4
010000100100101 5
010000100101000 5
010000100101100 21
010000100101110 13
010000100110010 28
010000101000001 12
010000101001000 4
010000101001110 5
010000101010011 9
010000101111011 34
010000110001000 2
010000110010000 5
010000110011001 3
010000111001111 drop
010000111101010 35
010001000000001 5
010001000010110 4
010001001000111 drop
010001001011000 5
010001010010110 9
010001010100010 6
010001010101001 5
010001010101110 4
010001011000000 9
010001100101000 12
010001101111100 9
010001110000010 21
010001110110010 9
010001111000000 9
010100000000101 drop
010100000011100 14
010100000011111 17
010100000110001 14
010100000110011 20
010100000110100 13
010100000111011 12
010100000111111 13
010100001010101 30
010100001011001 drop
010100001011100 5
010100001011110 23
010100001100101 2
010100001101011 drop
010100001101101 5
010100001110011 39
010100010011100 5
010100010011110 9
010100010101000 20
010100010101011 7
010100010111111 drop
010100011010011 2
010100011011001 7
010100011011011 19
010100011011100 8
010100011100011 17
010100011100101 23
010100011101011 6
010100011101100 17
010100011111110 drop
010100100011111 drop
010100100101001 5
010100100111111 drop
010100101001101 1
010100101001110 20
010100101010001 34
010100101010011 4
010100101011001 drop
010100101011011 39
010100101101111 drop
010100110100011 4
010100110100101 drop
010100110110111 5
010100111000001 13
010100111000011 5
010100111101001 4
010100111101011 40
010100111110001 39
010100111110101 6
010100111110111 5
010101000000101 14
010101000000110 17
010101000010001 6
010101000010010 28
010101000011000 2
010101000101101 17
010101000101110 13
010101001100101 23
010101001100111 19
010101001110001 38
010101001110011 13
010101010100010 13
010101010110000 6
010101011000101 1
010101011000111 29
010101011001101 40
010101011001111 drop
010101011011100 17
010101011101010 23
010101011111101 5
010101011111110 19
100000000001111 5
100000001000001 17
100000001011001 2
100000011100001 2
100000011111000 5
100000110000010 5
100000110101010 drop
100000111111010 10
100001000100111 drop
100001110000000 drop
100001110000100 4
100001110001011 6
100001110101011 6
100001110101110 6
100001110111000 drop
100001110111100 6
100001110111111 drop
100010001101110 21
100010010101100 5
100010011011100 2
100010011101011 2
100010101010001 4
100010101011000 drop
100010101111010 13
100010101111101 5
100010110001001 13
100010110110100 drop
100011000110111 13
100011001000100 13
100011010000010 13
100011010001001 17
100011010001100 13
100011010010010 drop
100011010010100 drop
100011010010111 drop
100011010011101 17
100011010011111 drop
100011010100000 13
100011010100010 17
100011010100101 13
100011100001011 43
100011110000100 drop
100011110001001 drop
100011110001011 drop
100011110001100 drop
100011110001110 drop
100011110010010 drop
100011110011010 5
100011111000101 5
100011111101010 5
100100000010011 5
100100000011110 40
100100001000000 drop
100100001011011 5
100100010001001 17
100100010001110 17
100100010010011 17
100100010011000 17
100100010100101 17
100100010101100 17
100100010101110 17
100100010110001 17
100100010110010 17
100100110010000 23
100100111000001 5
100100111010001 13
100100111101100 5
100101000101001 5
100101000111011 30
100101000111100 30
100101101100000 5
100110000000000 drop
100110000010101 5
100110000010110 5
100110010010011 5
100110010110000 17
100110100000011 5
100110110000100 5
100110110111000 drop
100110110111011 drop
100110110111101 drop
100110111001011 5
100110111101011 5
100111000110001 5
100111001001100 4
100111010001110 5
100111010011011 26
100111100000110 drop
100111100100011 5
101000000011011 4
101000000011100 4
101000000111111 5
101000001000010 5
101000001101100 23
101000010110100 13
101000110000111 13
101000110001110 drop
101000111100011 4
101000111100101 4
101001001001000 drop
101001001100010 5
101001001110011 5
101001011000101 6
101001011001000 19
101010000000100 26
101010000001000 5
101010000001011 5
101010001011001 5
101010001100000 6
101010001111100 5
101010110001110 2
101010110100101 5
110000000000101 5
110000000011111 4
110000001101010 5
110000001101100 5
110000001101110 14
110000010000010 12
110000010000100 17
110000010010110 19
110000010100101 drop
110000010100110 13
110000010101100 17
110000010111100 13
110000010111111 20
110000011000011 13
110000011000100 2
110000011000110 6
110000011001101 17
110000011001111 4
110000011010011 5
110000011010100 drop
110000011010111 13
110000011011100 13
110000011011111 5
110000011100010 17
110000011101100 30
110000011110000 2
110000011111011 13
110000100000001 20
110000100001010 6
110000100100000 13
110000100101011 13
110000100101101 5
110000100101111 13
110000100110110 5
110000101000100 13
110000101010000 1
110000101010100 5
110000101011100 13
110000101100000 17
110000101100011 13
110000101100111 20
110000101101010 5
110000101101100 17
110000101110011 4
110000101110101 drop
110000101110110 19
110000101111011 drop
110000101111100 1
110000110001111 17
110000110010100 2
110000110010110 5
110000110011100 6
110000110110011 13
110000110110110 17
110000110111010 20
110000110111100 23
110000111000010 13
110000111000111 6
110000111001011 6
110000111001100 5
110000111001110 19
110000111010010 19
110000111010110 2
110000111011010 34
110000111100001 5
110000111100110 19
110000111101010 4
110000111101110 17
110000111110010 19
110000111110110 13
110000111111000 17
110001000001100 2
110001000001111 35
110001001100110 5
110001100001111 37
110001101000101 14
110001101010011 5
110001101010100 5
110001101010111 4
110001101011110 3
110001101110111 5
110001110110001 5
110001111010100 drop
110001111100101 5
110001111110100 38
110010001000110 37
110010001001000 2
110010001001110 2
110010001011001 2
110010001011011 6
110010001011111 4
110010001101011 2
110010001101100 4
110010001101111 4
110010001110001 4
110010001110011 2
110010001111010 2
110010010000000 37
110010010000010 4
110010010000100 4
110010010001001 28
110010011000001 drop
110010011000100 4
110010011111100 30
110010100010000 18
110010100010010 16
110010100110100 9
110010100111100 25
110010101011101 12
110010101101011 18
110010101101101 5
110010110100001 4
110010110100101 25
110010110110011 10
110010110111010 14
110010111000100 14
110010111001101 12
110010111010010 10
110010111011011 25
110010111101110 5
110011000001011 6
110011000001100 6
110011000010011 8
110011000010111 21
110011000100011 28
110011000100100 4
110011000101010 5
110011000101111 6
110011000110000 6
110011000111000 4
110011000111100 6
110011001000111 14
110011001010101 14
110011001100011 5
110011001101110 4
110011010111011 5
110011011001011 5
110011011001101 3
110011011100011 33
110011011101010 14
110011011111101 5
110011100001010 6
110011100001110 drop
110011100010101 33
110011100010110 5
110011100011101 14
110011100011111 33
110011100100010 14
110011100100111 drop
110011100101011 14
110011100110111 5
110011101001010 33
110011101001111 6
110011101010000 6
110011101010101 1
110011101010110 16
110011101011101 6
110011101100110 5
110011110011100 14
110011110011111 44
110011110100000 5
110011110101011 21
110011110110100 1
110011110110111 drop
110011110111110 28
110011111000101 2
110011111000111 33
110011111010010 16
110011111010111 6
110011111110111 21
110011111111001 4
110011111111110 4
110100000010010 21
110100000011101 32
110100000011110 5
110100001010011 drop
110100001010100 drop
110100001011001 2
110100001011011 4
110100001011101 3
110100001111111 35
110100010000011 32
110100010000100 9
110100010001111 1
110100010010011 5
110100010011000 21
110100010011010 5
110100010011100 36
110100010100000 4
110100010101100 20
110100010110010 5
110100010111101 32
110100011001101 5
110100011010111 32
110100011011010 5
110100011011101 4
110100011101001 3
110100011101011 34
110100011101101 5
110100011110100 1
110100100001100 16
110100100011110 3
110100100100000 2
110100100100010 2
110100100101010 10
110100100101101 5
110100100110100 5
110100100110110 1
110100100111101 14
110100101000100 16
110100101001010 18
110100101010011 drop
110100101011010 drop
110100101011101 4
110100101100001 18
110100101100010 5
110100101100111 1
110100101101011 4
110100101101100 1
110100101101111 5
110100110000010 5
110100110001000 14
110100110011010 drop
110100110011101 4
110100110101100 9
110100110111011 1
110100110111101 14
110100110111111 5
110100111011011 25
110100111011101 2
110100111011110 drop
110100111111101 25
110100111111111 drop
110101001000011 2
110101001000101 12
110101001001000 5
110101001001011 4
110101001001110 6
110101001010111 6
110101001011100 4
110101001100001 13
110101001101000 17
110101001101010 2
110101001101101 8
110101001101111 6
110101001110000 drop
110101001110010 28
110101001110110 37
110101001111001 30
110101001111011 30
110101001111111 23
110101010000001 13
110101010000011 5
110101010000100 12
110101010000110 5
110101010001011 1
110101010001100 34
110101010001110 19
110101010010010 23
110101010010101 24
110101010010111 14
110101010011101 17
110101010100110 20
110101010111011 5
110110000000011 drop
110110000001110 5
110110000101010 4
110110000101111 5
110110000111110 11
110110001000010 5
110110001001010 4
110110001010000 5
110110001011111 3
110110001100111 5
110110001101000 16
110110001101100 5
110110001110100 5
110110010011111 drop
110110010110101 34
110110010110111 5
110110011000000 20
110110011000111 42
110110011010011 17
110110011100000 13
110110011101100 12
110110011101111 drop
110110100001011 9
110110100001100 6
110110100001111 drop
110110100010001 5
110110100010011 4
110110100011111 drop
110110100100010 6
110110100110111 14
110110101011111 2
110110101101010 2
110110101101110 14
110110101111001 9
110110101111100 4
110110110100001 5
110110110101001 20
110110110101011 10
110110110101100 16
110110111000100 6
110110111001000 6
110110111001100 9
110110111001111 drop
110110111101010 14
110110111110110 9
110110111111000 4
110110111111110 5
110111000001101 6
110111000001110 6
110111000100000 6
110111000100011 5
110111000110010 18
110111001001010 25
110111001011011 drop
110111001100011 4
110111001101110 14
110111001110010 14
110111001111010 5
110111010000100 26
110111010000111 4
110111010010000 6
110111010110111 6
110111010111100 drop
110111011000001 4
110111011000100 21
110111011010101 14
110111100100100 6
110111100101101 6
110111101001101 drop
110111101001110 5
110111101010010 2
110111101010101 drop
110111101100111 drop
110111101101111 6
110111101110001 1
0000011000000001 1
0000011000000100 1
0000011000000110 1
0000100100000100 2
0000110100001111 drop
0000110100010000 5
0000111110100110 6
0001000001000010 6
0001000101010001 7
0001000101010011 9
0001000101010100 10
0001000101010110 10
0001010010001000 drop
0001100000010101 4
0001100000100010 4
0001100000100101 12
0001100000111001 11
0001100001011011 4
0001100001100010 4
0001100001110000 13
0001100001110010 13
0001100001110110 drop
0001100001111000 5
0001100010000000 4
0001100010000100 14
0001100010001101 11
0001100010010011 4
0001100010010110 11
0001100010011011 15
0001100011000011 16
0001100011011000 5
0001100011011011 drop
0001100011101010 5
0001100011101101 6
0001100011111011 5
0001100101010101 17
0010000000111011 4
0010000001110010 4
0010000011101001 4
0010001011111110 5
0010011011100101 4
0010100000010111 4
0010100000011011 4
0010100000100101 4
0010100010010000 4
0010100010010110 4
0010100010011010 4
0010100011000000 4
0010100011000010 4
0010100011001010 4
0010100011001101 4
0010100011010000 4
0010100011010010 4
0010100011010110 4
0010101111100000 14
0010101111100011 14
0010101111100111 14
0010101111110011 14
0010101111110101 18
0010101111111101 18
0010101111111111 5
0010110010110001 19
0010111101000001 4
0010111110011010 6
0010111110100001 20
0010111110100010 20
0010111110100100 20
0010111110100111 drop
0010111111010011 17
0010111111100110 6
0010111111101010 4
0010111111101101 20
0010111111110011 6
0010111111111011 17
0011010010011111 4
0011011100000001 8
0011011100000010 4
0011011100000101 8
0011011100000111 1
0011011100001001 drop
0011011100001100 drop
0011011100001111 5
0011011100010000 8
0011011100010101 1
0011011100010111 4
0011011100011000 9
0011011100011010 9
0011011100011111 22
0011011100100011 9
0011011100100101 4
0011011100100110 8
0011011100101001 23
0011011100101101 9
0011011100101111 1
0011011100110010 1
0011011100110101 9
0011011100110110 8
0011011100111010 8
0011011100111100 1
0011011101000000 4
0011011101001000 1
0011011101001111 8
0011011101010001 14
0011011101010011 1
0011011101010101 8
0011011101011001 4
0011011101011010 4
0011011101011101 8
0011011101100100 8
0011011101111110 5
0011011111101111 5
0011011111110001 5
0011011111110010 5
0011100100001100 24
0011101000011100 6
0011101100101010 9
0011101100110000 9
0011101101001100 25
0011101101010111 14
0011101101101010 14
0011101110000001 9
0011101110000010 9
0011101110000100 drop
0011101110000110 9
0011101110001001 5
0011101110001011 drop
0011101110010110 6
0011101110100110 18
0011101110111101 6
0011101110111111 drop
0011110000001101 drop
0011110000011111 4
0011110000110111 9
0011110000111001 drop
0011110000111111 9
0011110001000001 drop
0011110001001010 6
0011110001001100 6
0011110001001110 6
0011110001011110 drop
0011110001100011 14
0011110001100111 drop
0011110001101010 drop
0011110001110000 drop
0011110001110101 drop
0011110001111011 drop
0011110010000100 drop
0011110010000111 6
0011110010001011 drop
0011110010001101 drop
0011110010001110 drop
0011110010010000 14
0011110010010010 14
0011110010010101 14
0011110010010111 6
0011110010100010 13
0011110011000110 10
0011110011101010 9
0011110011110000 5
0011110011111000 13
0011110011111111 20
0011110100000001 28
0011110100001010 14
0011110100001111 14
0011110100010010 14
0011110100010100 14
0011110100101110 5
0011110100110010 drop
0011110100111011 2
0011110100111110 14
0011110101010111 drop
0011110101011001 18
0011110101011110 5
0011110101100011 14
0011110101100111 20
0011110101101001 2
0011110101101011 20
0011110101101100 2
0011110101101111 4
0011110101110100 5
0011110101111011 5
0011110101111101 drop
0011110110000001 9
0011110110010111 10
0011110110011100 6
0011110110100001 drop
0011110110100011 4
0011110110100111 4
0011110110101000 4
0011110110110000 6
0011110110110011 6
0011110110110101 6
0011110110110110 4
0011110110111010 drop
0011110110111101 drop
0011110111000010 16
0011110111000101 16
0011110111000111 14
0011110111001001 5
0011110111001111 14
0011110111010001 5
0011110111010011 drop
0011110111010101 drop
0011110111010111 drop
0011110111011000 6
0011110111011011 13
0011110111011111 4
0011110111100111 20
0011110111110100 4
0011110111110110 21
0011110111111101 2
0011111000000011 drop
0011111000001001 17
0011111000010001 17
0011111000010100 19
0011111000010111 5
0011111000011100 4
0011111000100001 6
0011111000100111 12
0011111000101001 17
0011111000101011 23
0011111000110001 13
0011111000111001 8
0011111001000011 5
0011111001000111 19
0011111001001010 6
0011111001001100 29
0011111001001111 17
0011111001010011 12
0011111001010110 13
0011111001011011 19
0011111001011100 1
0011111001011110 6
0011111001100000 5
0011111001100111 13
0011111001101000 5
0011111001101011 19
0011111001101110 13
0011111001110011 19
0011111001110111 13
0011111001111011 13
0011111001111101 17
0011111001111111 1
0011111010000011 6
0011111010000100 17
0011111010000110 13
0011111010001011 28
0011111010010000 23
0011111010010011 5
0011111010010110 8
0011111010011000 drop
0011111010100011 14
0011111010100111 4
0011111010101100 17
0011111010110100 13
0011111011000100 6
0011111011001000 4
0011111011001111 13
0011111011010000 5
0011111011010010 31
0011111011010111 12
0011111011011010 5
0011111011100101 20
0011111011101000 30
0011111011101011 5
0011111011110111 17
0011111011111010 13
0011111100101000 20
0011111110000010 5
0011111110001001 28
0011111111110011 drop
0011111111110100 21
0011111111111000 5
0100000000001100 16
0100000000001110 28
0100000000011000 5
0100000000100100 5
0100000000101011 5
0100000000101111 5
0100000000110000 21
0100000000110011 5
0100000000110111 5
0100000000111100 5
0100000001010001 13
0100000001010110 12
0100000001100110 4
0100000001101001 9
0100000001101011 32
0100000001111001 27
0100000001111011 9
0100000010000000 5
0100000010000101 6
0100000010000111 drop
0100000010110100 5
0100000010111100 5
0100000011001000 9
0100000011010000 2
0100000011100110 drop
0100000011101000 5
0100000011101100 16
0100000011111100 9
0100000100010000 4
0100000100010111 drop
0100000100100001 16
0100000100100011 16
0100000100101101 21
0100000100110001 13
0100000101001001 3
0100000101001100 6
0100000101010011 5
0100000101010111 drop
0100000101100000 4
0100000110101111 drop
0100000110110100 6
0100000110111011 5
0100000110111101 5
0100001000001001 2
0100001000001010 9
0100001000010011 5
0100001000011011 5
0100001000011100 5
0100001000011111 4
0100001000100000 5
0100001000101000 9
0100001000101111 5
0100001000110000 5
0100001000111110 28
0100001001001101 5
0100001001010001 21
0100001001010011 2
0100001001010101 5
0100001001011111 5
0100001001100011 32
0100001001101000 drop
0100001010000110 9
0100001010010101 5
0100001010011101 9
0100001010100010 5
0100001010100100 5
0100001010101011 5
0100001010101110 5
0100001010110011 5
0100001010110111 5
0100001011000011 drop
0100001011001000 5
0100001011001100 9
0100001011010010 4
0100001011011001 5
0100001011011101 5
0100001011100000 14
0100001011110111 6
0100001011111010 5
0100001100101011 drop
0100001100110001 5
0100001100111110 5
0100001101001100 6
0100001101011001 21
0100001101011101 drop
0100001110001110 drop
0100001110010100 5
0100001111010011 35
0100001111011000 35
0100001111011011 35
0100010000010001 5
0100010000100001 4
0100010000110001 4
0100010000110010 4
0100010000110100 4
0100010000110111 4
0100010000111000 4
0100010000111101 4
0100010001010011 drop
0100010010100001 9
0100010010101101 5
0100010011001101 16
0100010011001110 16
0100010100000011 9
0100010100010101 9
0100010100011101 4
0100010100100000 4
0100010100100010 6
0100010100101000 4
0100010101000010 36
0100010101000110 12
0100010101001011 5
0100010101001110 5
0100010101011101 5
0100010101110011 35
0100010101110101 35
0100010110000100 16
0100010110110011 5
0100010111000011 drop
0100010111011100 9
0100011000000101 drop
0100011000001000 6
0100011000010111 9
0100011000011010 13
0100011000101000 5
0100011001010100 5
0100011001100011 drop
0100011001101011 9
0100011001101100 9
0100011001101111 9
0100011001110000 16
0100011010011011 drop
0100011010110000 5
0100011010110010 5
0100011100010000 5
0100011100100100 5
0100011101100000 9
0100011101100011 9
0100011101100111 37
0100100000000110 4
0100100000100001 5
0101000000000001 6
0101000000000011 6
0101000001101111 12
0101000001110001 5
0101000010101001 5
0101000010101100 17
0101000010101111 5
0101000010111011 4
0101000010111101 38
0101000010111111 28
0101000011100001 23
0101000011100010 19
0101000011100101 13
0101000011100111 12
0101000100110101 20
0101000100111101 8
0101000101010001 13
0101000101010100 1
0101000101010111 drop
0101000110001100 15
0101000110111001 12
0101000110111011 15
0101000110111101 5
0101000110111110 drop
0101000111000001 1
0101000111000011 19
0101000111000101 13
0101000111000111 40
0101000111010101 20
0101000111011001 4
0101000111011011 19
0101000111011101 2
0101000111011110 drop
0101000111111010 drop
0101001010011110 8
0101001010100001 5
0101001010100011 13
0101001010100100 23
0101001010100111 drop
0101001010110001 19
0101001010110011 29
0101001010110101 16
0101001011011000 13
0101001011011010 6
0101001011011100 34
0101001011011111 13
0101001101000010 6
0101001101010101 5
0101001110000001 23
0101001110000011 4
0101001110000101 39
0101001110000111 30
0101001110001100 42
0101001110100100 17
0101001111000111 drop
0101001111001001 20
0101001111001101 20
0101001111010001 2
0101001111010011 6
0101001111010101 5
0101001111010111 17
0101001111100001 13
0101001111101001 42
0101001111101011 13
0101001111101100 23
0101001111101111 drop
0101010000001000 12
0101010000001011 17
0101010000001101 13
0101010000001111 2
0101010000100001 5
0101010000100011 13
0101010000100101 2
0101010000110010 6
0101010000110101 13
0101010001011000 23
0101010001111010 19
0101010011001011 9
0101010011001111 15
0101010100010000 34
0101010101000110 23
0101010110011000 20
0101010110011011 12
0101010110011100 13
0101010110100000 23
0101010110111001 30
0101010110111010 5
0101010110111101 13
0101010110111111 13
0101010111001000 19
0101010111001010 19
0101010111001111 5
0101010111010000 20
0101010111111000 17
0101010111111011 8
0101010111111101 2
0101011111000000 8
0101100011000000 8
0111111000000000 14
0111111000000010 14
1100000000001011 6
1100000000010001 45
1100000000011000 19
1100000000011011 4
1100000000100000 4
1100000000100101 17
1100000000100111 39
1100000000101101 5
1100000000111011 4
1100000001001111 28
1100000001010111 17
1100000001011001 19
1100000001011010 6
1100000001101010 13
1100000010000010 19
1100000010000110 13
1100000010100111 13
1100000011000000 13
1100000011000010 19
1100000011001100 14
1100000011010111 4
1100000011011001 14
1100000011011101 5
1100000011101001 5
1100000011101111 5
1100000011110010 14
1100000011110110 5
1100000100000001 44
1100000100000010 2
1100000100000101 13
1100000100000110 2
1100000100001001 drop
1100000100101000 1
1100000100110101 drop
1100000100111011 19
1100000101000011 17
1100000101000100 drop
1100000101000110 13
1100000101001101 12
1100000101010010 5
1100000101010100 drop
1100000101010111 1
1100000101011010 2
1100000101011110 13
1100000101110001 17
1100000101111001 6
1100000101111111 23
1100000110001101 17
1100000110110011 6
1100000111000011 13
1100000111000110 2
1100000111001000 6
1100000111001111 23
1100000111011100 17
1100000111100101 34
1100000111101001 29
1100000111101101 13
1100000111110000 2
1100000111111000 20
1100000111111010 20
1100000111111111 6
1100001000000111 17
1100001000010011 drop
1100001000011001 4
1100001000011011 6
1100001000101011 13
1100001000101101 17
1100001000101111 30
1100001000110011 20
1100001000110100 13
1100001000111001 13
1100001000111010 39
1100001001000001 1
1100001001000010 5
1100001001000110 13
1100001001001101 13
1100001001001110 5
1100001001010100 29
1100001001010111 19
1100001001011001 19
1100001001011011 13
1100001001011100 19
1100001001100001 5
1100001001100011 drop
1100001001100100 17
1100001001101101 13
1100001001101111 19
1100001001110011 17
1100001001110110 17
1100001010000100 drop
1100001010000111 39
1100001010001001 19
1100001010001011 17
1100001010001101 1
1100001010001110 19
1100001010010000 12
1100001010010011 17
1100001010010100 23
1100001010010111 17
1100001010011101 13
1100001010011111 13
1100001010100001 drop
1100001010100010 23
1100001010100101 drop
1100001010100110 17
1100001010101001 drop
1100001010101010 12
1100001010110010 17
1100001010110101 19
1100001010111010 17
1100001010111100 13
1100001010111111 17
1100001011000001 5
1100001011000011 13
1100001011000101 19
1100001011001100 drop
1100001011001111 34
1100001011010000 23
1100001011010010 2
1100001011010101 drop
1100001011010111 19
1100001011011001 13
1100001011011010 19
1100001011011100 39
1100001011011110 13
1100001011100001 20
1100001011100100 23
1100001011100111 13
1100001011101001 13
1100001011101011 20
1100001011101110 5
1100001011110010 drop
1100001011110100 6
1100001011111001 2
1100001011111010 20
1100001011111101 drop
1100001011111110 13
1100001100000001 2
1100001100000100 5
1100001100000110 20
1100001100001001 39
1100001100001011 28
1100001100001111 5
1100001100010101 6
1100001100010111 2
1100001100011001 20
1100001100011011 5
1100001100011101 4
1100001100011111 23
1100001100100101 17
1100001100101001 17
1100001100101101 13
1100001100110000 17
1100001100110100 23
1100001100110110 drop
1100001100111001 37
1100001100111011 5
1100001100111101 20
1100001100111111 23
1100001101000001 13
1100001101000011 19
1100001101000111 16
1100001101001001 17
1100001101001011 4
1100001101001101 37
1100001101010001 6
1100001101010011 20
1100001101010101 drop
1100001101010110 34
1100001101011001 5
1100001101011100 5
1100001101100011 17
1100001101100101 20
1100001101100111 23
1100001101101111 2
1100001101110001 23
1100001101110011 5
1100001101111001 6
1100001101111011 19
1100001110000001 17
1100001110000011 4
1100001110000101 19
1100001110001000 19
1100001110001011 2
1100001110001101 4
1100001110010001 4
1100001110010011 34
1100001110010100 5
1100001110010111 29
1100001110011010 23
1100001110011101 13
1100001110011111 5
1100001110100001 34
1100001110100011 16
1100001110101000 23
1100001110101010 drop
1100001110101101 28
1100001110110000 2
1100001110110011 34
1100001110110101 17
1100001110110111 4
1100001110111001 23
1100001110111010 13
1100001110111100 30
1100001110111111 13
1100001111000101 5
1100001111000111 2
1100001111001001 29
1100001111001101 20
1100001111001111 6
1100001111010111 17
1100001111011001 17
1100001111011011 12
1100001111011111 23
1100001111100000 12
1100001111100011 17
1100001111100101 12
1100001111100111 17
1100001111101001 17
1100001111101011 37
1100001111101111 17
1100001111110011 4
1100001111110111 23
1100001111111001 17
1100001111111101 9
1100001111111111 13
1100010000000101 35
1100010000000111 35
1100010000001001 35
1100010000001110 35
1100010000010101 2
1100010000010111 4
1100010000011010 4
1100010000100000 drop
1100010000100111 drop
1100010011001011 20
1100011000000011 5
1100011000000111 drop
1100011000001001 5
1100011000001010 1
1100011000011001 5
1100011000011010 5
1100011000011111 5
1100011000110101 5
1100011000111111 14
1100011001000011 6
1100011001000111 drop
1100011001010010 6
1100011001010100 drop
1100011001010111 14
1100011001011000 14
1100011001100111 6
1100011001101001 drop
1100011010001110 10
1100011010010001 26
1100011010010010 5
1100011010010110 13
1100011010011000 4
1100011010011011 4
1100011010100101 11
1100011010100111 9
1100011010101001 2
1100011010101111 drop
1100011011010100 drop
1100011011010110 4
1100011011011000 4
1100011011011010 5
1100011011011101 drop
1100011011101001 5
1100011011101010 4
1100011011110011 5
1100011011110111 14
1100011100001000 6
1100011100001010 5
1100011100010001 5
1100011100010010 37
1100011100010110 5
1100011100011101 5
1100011100101100 6
1100011100111001 5
1100011101000101 4
1100011101001001 drop
1100011101001010 drop
1100011101001111 drop
1100011101010001 4
1100011101010010 4
1100011101010110 4
1100011101011010 5
1100011101100100 5
1100011101101000 drop
1100011101101100 4
1100011101110101 5
1100011101110110 6
1100011101111001 5
1100011101111110 5
1100011110101111 drop
1100011110111010 4
1100011111000111 4
1100011111010010 5
1100011111010100 drop
1100011111010111 37
1100011111011010 37
1100011111011101 5
1100011111011110 5
1100011111100011 4
1100011111101001 drop
1100011111101011 16
1100011111110000 14
1100011111110011 16
1100011111111011 5
1100100000001111 2
1100100000010100 2
1100100000011011 20
1100100000011100 37
1100100000101100 6
1100100000110110 37
1100100001000010 drop
1100100001000110 37
1100100001010011 37
1100100001010100 17
1100100001010110 37
1100100001011100 6
1100100001100001 4
1100100001100010 20
1100100001100100 37
1100100001101000 37
1100100001101101 6
1100100001111000 37
1100100010000001 drop
1100100010000111 drop
1100100010001000 2
1100100010001101 4
1100100010010011 20
1100100010010101 4
1100100010010111 4
1100100010011010 37
1100100010011101 6
1100100010011110 37
1100100010100001 37
1100100010100100 4
1100100010101101 4
1100100010101110 2
1100100010111010 28
1100100010111111 6
1100100011000101 20
1100100011001100 16
1100100011001110 drop
1100100011010001 16
1100100011010111 drop
1100100011011101 20
1100100011100000 20
1100100011100011 6
1100100011100100 6
1100100011101011 12
1100100011110000 20
1100100011110110 16
1100100011111111 2
1100100100000110 6
1100100100001101 37
1100100100010011 4
1100100100010110 37
1100100100011010 37
1100100100011101 4
1100100100011110 6
1100100110000100 6
1100100111101101 4
1100100111101111 37
1100100111110001 37
1100100111110011 4
1100100111111001 17
1100100111111110 37
1100101000011011 16
1100101000100001 4
1100101000101010 16
1100101000110001 16
1100101000110010 16
1100101000110110 27
1100101001000000 4
1100101001010010 5
1100101010000111 4
1100101010011100 14
1100101010111100 4
1100101010111110 12
1100101011010001 1
1100101011010100 16
1100101011011011 14
1100101011011101 18
1100101011100001 14
1100101011100101 16
1100101011100110 20
1100101011101000 18
1100101011111000 14
1100101100100011 10
1100101100110111 drop
1100101100111011 10
1100101100111100 18
1100101100111110 drop
1100101101000001 drop
1100101101000011 2
1100101101000101 4
1100101101000110 2
1100101101001001 2
1100101101001011 4
1100101101101010 4
1100101101101100 10
1100101101111000 16
1100101101111100 drop
1100101101111111 9
1100101110001001 20
1100101110001010 16
1100101110010111 12
1100101110011011 17
1100101110011101 12
1100101110011111 44
1100101110100101 18
1100101110110100 18
1100101110110111 20
1100101110111010 4
1100101111000101 27
1100101111000111 27
1100101111001000 27
1100101111001011 26
1100101111001100 26
1100101111011011 5
1100101111100000 5
1100101111100011 14
1100101111100111 14
1100101111101000 5
1100101111101010 5
1100110000101000 9
1100110000101010 14
1100110000110010 6
1100110000110101 4
1100110000111011 20
1100110000111100 1
1100110001010000 drop
1100110001010011 2
1100110001011011 21
1100110001011100 5
1100110001100010 5
1100110001100101 16
1100110001100110 3
1100110001110001 5
1100110001110100 4
1100110001111001 1
1100110001111011 46
1100110010000001 46
1100110010000011 5
1100110010000111 drop
1100110010001101 38
1100110010010010 4
1100110010011101 33
1100110010011110 4
1100110010101001 9
1100110010111010 4
1100110010111101 28
1100110010111111 5
1100110011000000 21
1100110011010000 5
1100110011010011 5
1100110011101001 14
1100110011110100 6
1100110011110111 14
1100110101101111 drop
1100110101110011 5
1100110110000101 37
1100110110001001 drop
1100110110010010 14
1100110110011000 34
1100110110011110 21
1100110110100101 5
1100110110110001 9
1100110110110010 drop
1100110110111100 16
1100110111000001 6
1100110111000101 21
1100110111001000 4
1100110111001101 5
1100110111001110 5
1100110111010101 5
1100110111011001 drop
1100110111011101 36
1100110111011110 27
1100110111101000 5
1100110111111011 13
1100110111111100 9
1100111000001100 5
1100111000001110 14
1100111000010101 37
1100111000010111 5
1100111000011000 drop
1100111000100100 drop
1100111000101101 4
1100111000101111 16
1100111000110001 20
1100111000110010 14
1100111000110100 14
1100111000111011 5
1100111000111101 6
1100111000111111 5
1100111001000111 drop
1100111001001000 drop
1100111001001011 5
1100111001001111 28
1100111001010111 5
1100111001100010 28
1100111001101100 drop
1100111001101111 21
1100111001110110 4
1100111001111001 4
1100111010000001 28
1100111010000100 drop
1100111010000111 5
1100111010001110 28
1100111010010111 drop
1100111010011001 drop
1100111010011010 drop
1100111010100001 9
1100111010100101 2
1100111010101001 4
1100111010101101 21
1100111010101111 5
1100111010110001 12
1100111010110010 12
1100111010110101 21
1100111010111001 33
1100111011000110 4
1100111011001101 21
1100111011101111 14
1100111011110100 37
1100111011110111 14
1100111011111001 33
1100111011111010 33
1100111011111110 4
1100111100000010 drop
1100111100000100 5
1100111100000110 5
1100111100001001 6
1100111100001010 5
1100111100010100 14
1100111100010111 5
1100111100011100 36
1100111100011110 6
1100111100100001 14
1100111100100011 16
1100111100100100 9
1100111100101110 26
1100111100110010 drop
1100111100111010 drop
1100111100111101 16
1100111100111111 11
1100111101000001 4
1100111101000101 5
1100111101010000 4
1100111101010010 28
1100111101011000 21
1100111101100101 21
1100111101100111 4
1100111101101011 6
1100111101110101 4
1100111101110111 4
1100111101111101 34
1100111101111110 drop
1100111110000101 5
1100111110000110 5
1100111110001001 14
1100111110001011 5
1100111110001111 6
1100111110010000 4
1100111110010101 28
1100111110010111 5
1100111110100001 4
1100111110100011 5
1100111110100101 36
1100111110101000 5
1100111110101101 3
1100111110101111 5
1100111110110000 5
1100111111000001 1
1100111111000010 5
1100111111001011 34
1100111111001101 5
1100111111010000 21
1100111111010011 5
1100111111011010 drop
1100111111100010 9
1100111111101101 32
1100111111110000 5
1100111111110111 5
1100111111111010 4
1100111111111101 5
1101000000101001 5
1101000000101011 6
1101000000110001 2
1101000000110011 2
1101000000110111 38
1101000000111000 2
1101000010000011 drop
1101000010000100 drop
1101000010001010 drop
1101000010011101 drop
1101000010100011 drop
1101000010101101 drop
1101000010101111 drop
1101000010110011 5
1101000100000001 28
1101000100000101 6
1101000100001010 31
1101000100001101 37
1101000100001110 33
1101000100010110 5
1101000100011000 14
1101000100011010 6
1101000100011101 5
1101000100011111 21
1101000100100001 drop
1101000100100010 drop
1101000100100111 14
1101000100101111 5
1101000100111001 14
1101000100111100 5
1101000100111111 3
1101000101000011 28
1101000101000101 14
1101000101000110 14
1101000101001011 14
1101000101010100 5
1101000101010110 5
1101000101011001 5
1101000101011100 5
1101000101100010 5
1101000101111001 5
1101000101111011 34
1101000101111101 5
1101000110000001 44
1101000110001000 4
1101000110001010 5
1101000110010000 28
1101000110010101 34
1101000110011011 13
1101000110011101 14
1101000110011110 37
1101000110100111 5
1101000110101011 5
1101000110110000 28
1101000110110011 5
1101000110111001 28
1101000111000010 4
1101000111000111 6
1101000111010011 5
1101000111011100 21
1101000111011111 28
1101000111100000 5
1101000111100010 16
1101000111101110 38
1101000111110001 5
1101000111111001 15
1101001000000011 14
1101001000000110 4
1101001000010100 18
1101001000011001 drop
1101001000110001 10
1101001000110011 20
1101001000110101 20
1101001000111010 5
1101001000111101 25
1101001001000001 4
1101001001000010 14
1101001001000101 6
1101001001000110 3
1101001001010001 20
1101001001010011 20
1101001001010101 5
1101001001011111 25
1101001001100011 25
1101001001100100 25
1101001001101101 14
1101001001110001 5
1101001001111000 1
1101001001111011 5
1101001001111100 1
1101001010000001 20
1101001010000011 drop
1101001010001001 1
1101001010001010 18
1101001010001100 20
1101001010010000 25
1101001010010010 drop
1101001010010110 16
1101001010011000 20
1101001010011010 14
1101001010100101 16
1101001010110000 drop
1101001010110010 25
1101001010110110 1
1101001010111110 14
1101001011000011 4
1101001011001011 drop
1101001011001101 drop
1101001011010100 28
1101001011010111 6
1101001011011001 5
1101001011100000 drop
1101001011101000 14
1101001011101010 5
1101001011110000 3
1101001011110010 6
1101001011111000 14
1101001100000000 14
1101001100000011 5
1101001100000110 14
1101001100001000 5
1101001100001011 14
1101001100010010 5
1101001100010101 6
1101001100011001 9
1101001100100000 1
1101001100100010 5
1101001100100110 5
1101001100101000 1
1101001100101100 4
1101001100101110 5
1101001100110001 drop
1101001100110010 1
1101001100110101 1
1101001100111001 5
1101001100111011 2
1101001100111100 1
1101001101000110 26
1101001101001001 drop
1101001101001010 2
1101001101011101 drop
1101001101011110 drop
1101001101100011 drop
1101001101101100 4
1101001101101111 drop
1101001101110010 5
1101001101110101 4
1101001101111001 5
1101001101111100 14
1101001110000000 drop
1101001110000011 5
1101001110000110 5
1101001110010010 6
1101001110010101 6
1101001110010110 6
1101001110011001 6
1101001110100011 drop
1101001110100111 drop
1101001110101111 20
1101001110110111 20
1101001111110011 2
1101001111110100 2
1101001111111001 20
1101010000001010 19
1101010000111101 30
1101010010000001 drop
1101010010000010 30
1101010010000100 5
1101010010001001 5
1101010010001011 23
1101010010001100 17
1101010010001111 5
1101010010010001 4
1101010010010111 30
1101010010011001 17
1101010010011011 17
1101010010011101 17
1101010010100000 20
1101010010100011 5
1101010010100100 5
1101010010101000 17
1101010010101010 37
1101010010101101 5
1101010010110001 17
1101010010110101 19
1101010010111010 14
1101010010111110 17
1101010011000110 5
1101010011001001 17
1101010011001010 23
1101010011001100 drop
1101010011001111 30
1101010011010010 23
1101010011010101 19
1101010011010110 30
1101010011011011 5
1101010011011100 39
1101010011011111 30
1101010011100011 17
1101010011101010 20
1101010011101101 30
1101010011101110 5
1101010011110000 28
1101010011110011 13
1101010011110100 20
1101010011111001 17
1101010011111010 5
1101010011111100 5
1101010100000001 17
1101010100000101 4
1101010100001001 drop
1101010100001011 17
1101010100001101 1
1101010100001111 16
1101010100010010 30
1101010100010100 16
1101010100010111 5
1101010100011001 20
1101010100011010 23
1101010100011101 17
1101010100011111 4
1101010100100000 30
1101010100100101 8
1101010100100110 5
1101010100101011 28
1101010100101100 13
1101010100110001 6
1101010100110011 13
1101010100110101 17
1101010100110110 23
1101010100111001 23
1101010100111011 34
1101010100111101 5
1101010100111111 drop
1101010101001001 drop
1101010101001011 6
1101010101010010 23
1101010101010100 13
1101010101010110 5
1101010101011001 14
1101010101011101 14
1101010101011111 13
1101010101101101 6
1101010101111111 5
1101010111011111 5
1101010111100000 5
1101010111110101 14
1101100000001011 5
1101100000001101 4
1101100000101010 38
1101100000101100 38
1101100000110010 21
1101100000111000 5
1101100001000100 5
1101100001001000 20
1101100001011100 4
1101100001101111 5
1101100001110000 21
1101100001111010 4
1101100010010101 21
1101100010011100 21
1101100010100100 32
1101100010110101 1
1101100010111111 4
1101100011000000 5
1101100011001000 15
1101100011001010 5
1101100011010110 5
1101100011101110 6
1101100011110111 4
1101100011111101 4
1101100101100101 5
1101100101100111 5
1101100110000010 6
1101100110000101 23
1101100110001001 16
1101100110001010 15
1101100110001101 23
1101100110011000 13
1101100110011010 5
1101100110011101 5
1101100110011110 30
1101100110100000 17
1101100110100101 34
1101100110100111 20
1101100111011100 6
1101100111011111 28
1101101000000001 6
1101101000000010 drop
1101101000000101 9
1101101000000111 4
1101101000001100 4
1101101000010101 drop
1101101000011011 26
1101101000011111 9
1101101000101000 drop
1101101000101010 drop
1101101000101101 drop
1101101000101110 5
1101101000111111 9
1101101001000001 drop
1101101001000011 drop
1101101001001011 drop
1101101001001100 9
1101101001001111 6
1101101001010110 drop
1101101001011111 drop
1101101001100000 6
1101101001100011 6
1101101001101001 6
1101101001101111 4
1101101010111001 drop
1101101010111010 14
1101101011010000 4
1101101011010101 14
1101101011011001 14
1101101011011010 5
1101101011011110 5
1101101011100001 drop
1101101011100101 14
1101101011110011 6
1101101011111001 9
1101101100100011 14
1101101101000001 4
1101101101000101 drop
1101101101001000 9
1101101101001010 1
1101101101010011 drop
1101101101011110 drop
1101101101100001 14
1101101101100010 14
1101101101100100 25
1101101101100110 16
1101101101101000 14
1101101101101011 14
1101101101101100 5
1101101101101110 14
1101101101110011 46
1101101101110100 14
1101101101110111 18
1101101101111000 5
1101101101111011 5
1101101101111101 5
1101101110001101 drop
1101101110010010 9
1101101111011011 26
1101101111101001 9
1101101111101110 6
1101110000001011 14
1101110000010111 6
1101110000101101 6
1101110000110011 14
1101110001000001 25
1101110001100011 drop
1101110001100101 drop
1101110001100111 2
1101110001101111 drop
1101110010000000 drop
1101110010000111 3
1101110010001100 4
1101110010010101 drop
1101110010010110 16
1101110010100111 drop
1101110010101011 drop
1101110011000001 4
1101110011001111 6
1101110011010001 14
1101110011010011 14
1101110011010100 5
1101110011010110 5
1101110011011000 drop
1101110011011011 14
1101110011101010 9
1101110011101111 drop
1101110011110000 5
1101110011111110 14
1101110100000011 drop
1101110100000101 drop
1101110100000111 drop
1101110100001010 6
1101110100011100 14
1101110100101000 14
1101110101101101 drop
1101110101110001 drop
1101110101110110 drop
1101110110000001 6
1101110110001001 9
1101110110101001 2
1101110111000111 drop
1101110111001111 drop
1101110111010100 4
1101110111101001 6
1101110111101011 6
1101110111101111 drop
1101111000000000 1
1101111000000110 1
1101111000001001 1
1101111000100001 6
1101111000100010 9
1101111000101000 9
1101111000110000 9
1101111000110100 28
1101111001001001 drop
1101111001010011 drop
1101111001010101 drop
1101111001111011 drop
1101111001111100 39
1101111010100011 drop
1101111010100101 drop
1101111010100110 14
1101111010101100 drop
1101111011000111 25
1101111011011010 6
1101111011100100 18
1101111011100110 18
1101111011110100 6
1101111011111000 20
1101111011111010 5


LookUp:

